sepal_length,sepal_width,petal_length,petal_width,sepal_length_to_sepal_width,petal_length_to_petal_width,target
6.1,2.8,4.7,1.2,2.1785714285714284,3.916666666666667,1
5.7,3.8,1.7,0.3,1.5000000000000002,5.666666666666667,0
7.7,2.6,6.9,2.3,2.9615384615384617,3.0000000000000004,2
6.0,2.9,4.5,1.5,2.0689655172413794,3.0,1
6.8,2.8,4.8,1.4,2.428571428571429,3.428571428571429,1
5.4,3.4,1.5,0.4,1.5882352941176472,3.75,0
5.6,2.9,3.6,1.3,1.9310344827586208,2.769230769230769,1
6.9,3.1,5.1,2.3,2.2258064516129035,2.217391304347826,2
6.2,2.2,4.5,1.5,2.818181818181818,3.0,1
5.8,2.7,3.9,1.2,2.148148148148148,3.25,1
6.5,3.2,5.1,2.0,2.03125,2.55,2
4.8,3.0,1.4,0.1,1.6,13.999999999999998,0
5.5,3.5,1.3,0.2,1.5714285714285714,6.5,0
4.9,3.1,1.5,0.1,1.5806451612903227,15.0,0
5.1,3.8,1.5,0.3,1.3421052631578947,5.0,0
6.3,3.3,4.7,1.6,1.9090909090909087,2.9375,1
6.5,3.0,5.8,2.2,2.1666666666666665,2.636363636363636,2
5.6,2.5,3.9,1.1,2.24,3.545454545454545,1
5.7,2.8,4.5,1.3,2.035714285714286,3.461538461538461,1
6.4,2.8,5.6,2.2,2.285714285714286,2.545454545454545,2
4.7,3.2,1.6,0.2,1.46875,8.0,0
6.1,3.0,4.9,1.8,2.033333333333333,2.7222222222222223,2
5.0,3.4,1.6,0.4,1.4705882352941178,4.0,0
6.4,2.8,5.6,2.1,2.285714285714286,2.6666666666666665,2
7.9,3.8,6.4,2.0,2.0789473684210527,3.2,2
6.7,3.0,5.2,2.3,2.2333333333333334,2.260869565217392,2
6.7,2.5,5.8,1.8,2.68,3.222222222222222,2
6.8,3.2,5.9,2.3,2.125,2.565217391304348,2
4.8,3.0,1.4,0.3,1.6,4.666666666666667,0
4.8,3.1,1.6,0.2,1.5483870967741935,8.0,0
4.6,3.6,1.0,0.2,1.2777777777777777,5.0,0
5.7,4.4,1.5,0.4,1.2954545454545454,3.75,0
